0,310
0,305
0,308
0,307
0,302
0,304
0,303
0,12
0,395
0,10
0,8
0,0
0,416
0,457
0,300
0,563
0,413
0,299
0,564
0,324
0,298
0,465
0,412
0,297
0,376
0,411
0,296
0,490
0,410
0,295
0,530
0,447
0,294
0,362
0,409
0,293
0,529
0,567
0,292
0,550
0,445
0,291
0,405
0,290
0,560
0,345
0,289
0,549
0,440
0,288
0,458
0,404
0,287
0,488
0,403
0,286
0,402
0,285
0,528
0,284
0,527
0,436
0,283
0,526
0,430
0,282
0,398
0,514
0,281
0,525
0,536
0,280
0,518
0,394
0,279
0,393
0,431
0,278
0,391
0,401
0,277
0,360
0,388
0,276
0,559
0,275
0,432
0,387
0,274
0,386
0,273
0,551
0,385
0,272
0,483
0,543
0,271
0,449
0,384
0,270
0,524
0,428
0,269
0,544
0,520
0,268
0,512
0,381
0,267
0,523
0,419
0,266
0,562
0,468
0,265
0,470
0,380
0,264
0,423
0,379
0,263
0,573
0,333
0,262
0,476
0,501
0,261
0,429
0,377
0,260
0,522
0,422
0,259
0,474
0,455
0,258
0,421
0,374
0,257
0,521
0,400
0,256
0,542
0,506
0,255
0,373
0,254
0,420
0,372
0,253
0,504
0,371
0,252
0,557
0,334
0,251
0,570
0,370
0,250
0,467
0,464
0,249
0,519
0,463
0,248
0,539
0,367
0,247
0,541
0,399
0,246
0,516
0,375
0,245
0,502
0,366
0,244
0,365
0,242
0,448
0,505
5954,0
5954,3
5954,1
2,4
1,3
1,1
5955,3
5955,1
0,243
0,318
0,329
0,364
0,369
0,392
0,397
0,408
0,492
0,494
0,500
0,503
0,513
0,517
0,552
0,574
0,575
2,7
3,0
3,3
5976,3
5976,1
6068,3
6068,1
5971,3
5956,0
5956,1
5959,3
5959,1
5985,3
5985,1
5979,3
5984,0
5984,3
5958,0
5958,3
5957,0
5957,1
6018,0
6010,0
6010,3
6016,0
6016,3
6064,0
6064,1
6025,0
5987,0
5987,3
5989,0
5989,1
5951,0
5951,1
5963,0
5963,1
5965,0
5965,1
5953,3
5953,1
6030,3
6030,1
5960,0
5960,1
5968,0
5968,1
5995,0
5995,1
5993,0
5993,1
5992,3
5992,1
5990,3
5990,1
6001,3
5998,0
5998,3
6018,6
6018,1
6018,7
5998,1
6001,1
6001,0
5990,0
5992,0
5993,3
5995,3
5968,3
5960,3
2,9
6030,0
5953,0
5965,3
5963,3
5951,3
5989,3
5987,1
6025,3
6064,3
6016,1
6010,1
6018,3
5957,3
5958,1
5984,1
5979,1
5979,0
5985,0
5959,0
5956,3
5971,0
6068,0
5976,0
3,1
2,5
0,554
0,547
0,511
0,499
0,417
0,407
0,382
0,351
0,322
5954,4
5955,0
1,0
5954,5
2,1
2,6
2,3
2,0
0,9
0,241
0,451
0,363
0,240
0,515
0,456
0,239
0,452
0,489
0,238
0,460
0,569
0,237
0,540
0,330
0,236
0,495
0,359
0,235
0,538
0,415
0,234
0,493
0,459
0,233
0,481
0,358
0,232
0,414
0,357
0,231
0,485
0,356
0,230
0,484
0,355
0,229
0,354
0,228
0,361
0,353
0,227
0,510
0,226
0,571
0,352
0,225
0,454
0,498
0,224
0,509
0,568
0,223
0,480
0,349
0,222
0,453
0,221
0,508
0,220
0,406
0,348
0,219
0,558
0,347
0,218
0,546
0,346
0,217
0,507
0,216
0,450
0,479
0,215
0,319
0,343
0,214
0,566
0,342
0,213
0,545
0,341
0,212
0,390
0,340
0,211
0,486
0,339
0,210
0,497
0,338
0,209
0,496
0,337
0,208
0,477
0,336
0,207
0,446
0,471
0,206
0,565
0,335
0,205
0,443
0,556
0,204
0,378
0,442
0,203
0,555
0,332
0,202
0,482
0,439
0,201
0,533
0,472
0,200
0,350
0,331
0,199
0,438
0,535
0,198
0,437
0,553
0,197
0,368
0,328
0,196
0,561
0,434
0,195
0,532
0,194
0,396
0,327
0,193
0,466
0,326
0,192
0,389
0,325
0,63
0,572
0,462
0,62
0,534
0,323
0,61
0,487
0,321
0,60
0,548
0,427
0,59
0,537
0,320
0,58
0,426
0,461
0,57
0,425
0,444
0,56
0,317
0,55
0,531
0,478
0,54
0,383
0,424
0,53
0,344
0,316
0,52
0,435
0,315
0,51
0,473
0,314
0,50
0,475
0,313
0,49
0,441
0,312
0,48
0,433
0,311
0,47
0,418
0,309
0,46
0,469
0,306
0,45
0,491
0,301
0,6
0,5
0,1
0,11
0,4
0,2
0,3
0,7
